    v1     v2     v3     v4  Label
-0.8770 -1.3194 0.5400 0.3431 2.0000
-0.0429 -1.1988 0.9276 -0.5062 1.0000
0.6149 -0.9031 0.8422 -0.7026 1.0000
-0.2808 -0.6990 0.0375 0.9965 2.0000
0.0228 -1.0489 0.8097 -0.2420 3.0000
0.6014 -0.7847 0.0006 -0.4052 1.0000
-0.5922 -1.5178 0.6520 -0.5119 1.0000
0.8950 -0.2539 0.3897 0.4482 1.0000
0.5746 -0.7437 0.3748 -0.2719 1.0000
-0.6280 -1.2859 0.4881 0.0838 3.0000
-0.4988 -1.2784 0.4975 -0.0743 3.0000
-0.4736 -1.5900 0.9188 -0.8437 1.0000
0.8622 -0.6559 0.8883 -0.4556 1.0000
-0.3084 -0.8939 0.2749 0.5743 3.0000
-0.1532 -1.4143 0.7514 -0.8648 1.0000
-0.4397 -1.2546 0.7752 -0.0985 3.0000
-0.7983 -1.2489 0.8154 0.4026 2.0000
0.0035 -0.6446 0.6531 0.7382 2.0000
0.7816 -0.8989 0.7337 -0.9194 1.0000
-0.5834 -0.9836 0.2110 0.7364 2.0000
0.6967 -0.4113 0.7138 0.3463 1.0000
-0.5932 -0.8960 0.0843 0.9563 2.0000
0.0675 -0.5807 0.8049 0.8022 2.0000
0.2668 -0.7821 0.7984 0.0559 1.0000
-0.1786 -1.0614 0.2528 0.0025 3.0000
-0.4441 -1.2379 0.9423 -0.0532 3.0000
0.6631 -0.8106 0.9681 -0.5500 1.0000
0.3951 -1.0466 0.7169 -0.7426 1.0000
-0.0445 -1.1856 0.3548 -0.4729 1.0000
0.9505 -0.3089 0.1970 0.2429 1.0000
-0.6885 -1.3894 0.9820 -0.0783 2.0000
0.7067 -0.6730 0.7859 -0.2845 1.0000
0.0870 -0.9861 0.7510 -0.1811 3.0000
-0.6905 -1.1606 0.8370 0.4642 2.0000
-0.0673 -1.1662 0.8371 -0.3960 1.0000
0.9728 -0.2058 0.1796 0.4561 1.0000
0.7403 -0.2324 0.8649 0.7093 1.0000
-0.1866 -0.7509 0.7466 0.7459 3.0000
-0.8280 -1.1278 0.3940 0.7287 2.0000
-0.7157 -1.2271 0.3591 0.3417 2.0000
0.6420 -0.9724 0.6754 -0.9031 1.0000
-0.7651 -1.7244 0.9664 -0.7646 1.0000
-0.4319 -1.0578 0.3732 0.3552 3.0000
0.8220 -0.6990 0.0196 -0.5027 1.0000
-0.1906 -1.1148 0.8567 -0.1073 3.0000
-0.0177 -1.0211 0.7700 -0.1213 3.0000
-0.6235 -1.1535 0.4778 0.3899 3.0000
0.4520 -0.6864 0.6295 0.0299 1.0000
0.4355 -0.8519 0.2475 -0.3381 1.0000
-0.4071 -1.3928 0.2223 -0.4686 3.0000
-0.0088 -0.6066 0.2926 0.8447 2.0000
0.6081 -0.2525 0.7798 0.8414 2.0000
-0.6856 -1.6289 0.9266 -0.6472 1.0000
-0.5514 -0.8951 0.8210 0.9016 2.0000
-0.3357 -1.0770 0.0650 0.1793 3.0000
0.7863 -0.4650 0.0175 0.0979 1.0000
-0.8672 -1.2562 0.2110 0.4790 2.0000
-0.9354 -1.1171 0.1332 0.8999 2.0000
-0.3791 -0.9056 0.8409 0.6427 3.0000
0.6637 -0.2902 0.3424 0.6771 1.0000
0.7620 -0.3515 0.3843 0.3988 1.0000
-0.1893 -1.1790 0.4960 -0.2605 1.0000
-0.0227 -0.9046 0.0868 0.1605 1.0000
-0.3730 -1.5782 0.1893 -0.9527 1.0000
-0.1602 -0.8070 0.2422 0.5778 3.0000
-0.2546 -1.0854 0.7992 0.0492 3.0000
-0.2502 -0.7888 0.6721 0.7430 2.0000
-0.7044 -1.3831 0.5311 -0.0418 2.0000
-0.0090 -1.2292 0.1329 -0.6240 1.0000
0.9086 -0.4272 0.3705 0.0208 1.0000
-0.7891 -1.2397 0.8144 0.4116 2.0000
0.5692 -0.7373 0.4323 -0.2494 1.0000
0.3721 -0.5320 0.3086 0.5027 2.0000
-0.6950 -1.5288 0.6299 -0.3983 1.0000
0.3515 -0.8694 0.7682 -0.2652 1.0000
-0.1189 -1.2018 0.4279 -0.4100 1.0000
0.0900 -0.7740 0.1573 0.3154 1.0000
-0.3199 -1.1341 0.4668 0.0230 3.0000
-0.5975 -1.1547 0.7513 0.3517 2.0000
0.2940 -0.4627 0.3368 0.7725 2.0000
0.3483 -0.5714 0.4488 0.4424 1.0000
0.0906 -0.9836 0.2933 -0.1798 3.0000
0.2447 -1.0837 0.8024 -0.6256 1.0000
-0.9727 -1.4776 0.8303 0.0999 2.0000
0.0015 -0.7493 0.8305 0.4940 3.0000
-0.1203 -1.3667 0.3241 -0.7971 1.0000
0.6073 -0.1888 0.1054 0.9930 2.0000
-0.6229 -1.5865 0.3989 -0.6324 1.0000
0.2521 -0.7751 0.5604 0.0924 1.0000
0.0728 -0.7591 0.7322 0.3740 1.0000
0.5312 -0.4791 0.8977 0.4115 1.0000
0.1329 -0.9400 0.7083 -0.1347 3.0000
-0.3373 -1.2490 0.6705 -0.2244 3.0000
0.6535 -0.4885 0.6294 0.2229 1.0000
-0.0041 -0.6596 0.6698 0.7133 2.0000
0.0002 -0.8693 0.6353 0.2127 3.0000
0.7705 -0.9387 0.1525 -0.9984 1.0000
0.0438 -1.0005 0.1087 -0.1562 3.0000
-0.7334 -1.6941 0.7685 -0.7361 1.0000
0.0145 -0.7904 0.1751 0.3793 1.0000
-0.5525 -0.8932 0.1131 0.9076 2.0000
0.6429 -0.3793 0.4451 0.4951 1.0000
-0.9077 -1.2108 0.3565 0.6412 2.0000
0.6323 -0.2583 0.4511 0.7949 2.0000
-0.4600 -1.0022 0.3577 0.5247 2.0000
-0.0044 -0.6099 0.7868 0.8309 2.0000
-0.4756 -1.2492 0.7343 -0.0370 3.0000
-0.7134 -1.3206 0.7069 0.1178 3.0000
-0.1165 -0.7456 0.7994 0.6632 2.0000
-0.3535 -1.4091 0.6324 -0.5802 1.0000
-0.3720 -1.0885 0.7246 0.2014 3.0000
-0.0913 -0.6277 0.4387 0.9071 2.0000
0.9033 -0.8610 0.9211 -0.9955 1.0000
0.0320 -1.0484 0.4306 -0.2530 3.0000
-0.6037 -1.4837 0.3426 -0.4160 1.0000
0.4758 -0.6094 0.8887 0.1794 1.0000
-0.8898 -1.6335 0.5769 -0.3805 3.0000
-0.7022 -1.1557 0.5127 0.4918 2.0000
-0.4529 -1.2097 0.2896 0.0256 3.0000
-0.0080 -1.0572 0.7240 -0.2195 3.0000
0.6838 -0.6605 0.1455 -0.2240 1.0000
-0.1445 -1.2612 0.0700 -0.5153 1.0000
0.7025 -0.7919 0.4655 -0.5596 1.0000
0.6700 -0.5522 0.6315 0.0504 1.0000
0.6817 -0.3225 0.9742 0.5764 2.0000
-0.0020 -1.1041 0.2643 -0.3383 1.0000
-0.9891 -1.2261 0.0833 0.7156 2.0000
-0.4573 -1.0075 0.1313 0.5085 2.0000
-0.5796 -1.3629 0.6724 -0.1638 1.0000
0.1102 -0.4881 0.1804 0.9625 2.0000
-0.1008 -1.2283 0.5415 -0.4972 1.0000
-0.6675 -1.1358 0.0719 0.4917 2.0000
0.0941 -1.0841 0.7695 -0.4217 3.0000
-0.1891 -1.2275 0.2214 -0.3753 1.0000
0.8926 -0.0617 0.8193 0.9050 2.0000
-0.5313 -1.4134 0.1144 -0.3486 3.0000
-0.6275 -1.2142 0.5810 0.2523 3.0000
-0.4705 -1.4335 0.7177 -0.4787 1.0000
0.4709 -0.4811 0.4690 0.4887 1.0000
-0.3007 -1.1765 0.2289 -0.1032 3.0000
0.5367 -0.3338 0.3704 0.7468 2.0000
-0.7850 -1.2123 0.4537 0.4708 2.0000
0.5687 -0.3709 0.5793 0.6158 1.0000
-0.3147 -0.8933 0.3517 0.5842 2.0000
0.8655 -0.1757 0.1096 0.6728 2.0000
-0.2864 -1.3929 0.5480 -0.6333 1.0000
0.8778 -0.2894 0.2716 0.3878 1.0000
0.9031 -0.7034 0.4268 -0.6234 1.0000
-0.5682 -1.5637 0.1429 -0.6530 1.0000
-0.0995 -1.0405 0.1768 -0.0556 3.0000
-0.6092 -1.4788 0.9619 -0.3970 1.0000
0.7557 -0.3102 0.4163 0.5047 2.0000
0.0335 -0.7608 0.6869 0.4232 2.0000
0.7440 -0.3211 0.0220 0.4950 1.0000
-0.6183 -1.1845 0.9905 0.3098 3.0000
-0.2178 -0.8620 0.8169 0.5261 2.0000
0.2461 -1.1834 0.4734 -0.8627 1.0000
0.3286 -0.5982 0.7580 0.4059 1.0000
-0.3166 -1.1495 0.2308 -0.0179 3.0000
-0.1781 -0.9981 0.6611 0.1512 3.0000
0.1196 -1.1732 0.4526 -0.6666 1.0000
-0.1887 -1.4409 0.5979 -0.8791 1.0000
0.9999 -0.1958 0.6225 0.4426 1.0000
-0.3062 -1.0546 0.1712 0.1919 3.0000
-0.0189 -1.2201 0.9450 -0.5891 1.0000
-0.5602 -0.9492 0.2331 0.7861 2.0000
0.4840 -0.3823 0.2774 0.7040 2.0000
-0.4156 -1.1045 0.5754 0.2230 3.0000
-0.2573 -0.9782 0.6977 0.3058 1.0000
-0.5577 -1.1139 0.8905 0.3940 3.0000
0.3651 -1.0495 0.7903 -0.7086 1.0000
0.9865 -0.3729 0.2504 0.0432 1.0000
0.7381 -0.2753 0.6723 0.6111 1.0000
-0.4235 -0.9209 0.3082 0.6669 2.0000
-0.6690 -1.4119 0.8008 -0.1578 2.0000
-0.9211 -1.4386 0.9647 0.1218 3.0000
-0.9557 -1.4371 0.8534 0.1723 2.0000
-0.2984 -1.0154 0.8871 0.2739 3.0000
0.3446 -1.1409 0.2784 -0.8964 1.0000
0.6514 -0.6843 0.7648 -0.2362 1.0000
-0.3492 -1.0525 0.1978 0.2555 3.0000
-0.2838 -0.8067 0.9278 0.7465 2.0000
-0.9640 -1.5397 0.8911 -0.0583 1.0000
-0.9953 -1.6866 0.9898 -0.3623 1.0000
0.2315 -0.6145 0.6715 0.4995 1.0000
-0.2586 -1.4612 0.3031 -0.8320 1.0000
-0.2802 -1.1287 0.4835 -0.0182 3.0000
0.5341 -0.6671 0.3094 -0.0361 1.0000
-0.9053 -1.1074 0.2831 0.8818 2.0000
0.6599 -0.6410 0.7166 -0.1456 1.0000
0.5564 -0.2969 0.6547 0.8072 2.0000
-0.0204 -0.9696 0.7732 0.0040 3.0000
-0.1462 -0.9481 0.2176 0.2256 3.0000
-0.0393 -1.0939 0.8737 -0.2636 1.0000
-0.0047 -0.6863 0.4810 0.6512 2.0000
-0.3769 -0.8899 0.9194 0.6766 2.0000
-0.2339 -1.4930 0.0895 -0.9408 1.0000
-0.9915 -1.7101 0.0513 -0.4229 1.0000
-0.7644 -1.1329 0.3200 0.6302 2.0000
-0.9716 -1.1684 0.8960 0.8280 2.0000
-0.9336 -1.3351 0.8017 0.3831 2.0000
0.4772 -1.0247 0.1762 -0.8024 1.0000
0.8597 -0.0873 0.0484 0.8894 2.0000
-0.6615 -1.5916 0.1150 -0.5920 1.0000
-0.9983 -1.6609 0.9972 -0.2977 2.0000
-0.5369 -1.3438 0.5557 -0.1767 3.0000
-0.3380 -1.1264 0.6785 0.0657 3.0000
-0.5361 -1.3066 0.8907 -0.0900 3.0000
-0.1359 -1.2864 0.7802 -0.5865 1.0000
0.9333 -0.1521 0.6258 0.6363 2.0000
-0.8531 -1.8110 0.7959 -0.8493 1.0000
-0.8679 -1.3399 0.9145 0.2825 2.0000
0.9864 -0.7373 0.0881 -0.8167 1.0000
0.1119 -0.8960 0.6835 -0.0022 1.0000
0.3905 -0.4740 0.4891 0.6147 2.0000
-0.8138 -1.3686 0.1472 0.1413 2.0000
0.9445 -0.3940 0.5503 0.0503 1.0000
-0.3224 -1.1564 0.0241 -0.0263 3.0000
0.4533 -0.8696 0.0789 -0.4041 1.0000
0.8174 -0.1798 0.6010 0.7284 2.0000
0.2716 -0.7141 0.2799 0.2099 2.0000
0.2633 -0.4481 0.5191 0.8489 2.0000
-0.0027 -0.8989 0.9655 0.1468 1.0000
-0.1013 -1.1584 0.8481 -0.3316 3.0000
-0.7145 -1.4482 0.9906 -0.1815 2.0000
-0.1581 -1.0170 0.7280 0.0793 3.0000
0.8209 -0.9024 0.9702 -0.9811 1.0000
-0.8247 -1.8534 0.6359 -0.9879 1.0000
-0.3163 -1.4448 0.4861 -0.7149 1.0000
0.7869 -0.3235 0.2034 0.4309 2.0000
-0.3046 -0.9155 0.5934 0.5180 2.0000
-0.8679 -1.7137 0.2755 -0.5996 1.0000
-0.2099 -0.9170 0.1800 0.3858 3.0000
0.1939 -1.0703 0.7009 -0.5248 1.0000
-0.0165 -0.9925 0.2504 -0.0552 3.0000
0.5337 -0.9870 0.7278 -0.7904 1.0000
-0.2152 -1.0619 0.2747 0.0511 3.0000
-0.2572 -1.1919 0.8586 -0.1986 3.0000
0.6047 -0.6871 0.0518 -0.1792 1.0000
0.1801 -0.8008 0.6244 0.1296 1.0000
0.2142 -0.4320 0.2550 0.9535 2.0000
-0.3307 -1.0111 0.8138 0.3279 2.0000
-0.4459 -1.3104 0.2887 -0.2216 3.0000
0.6271 -0.9876 0.0922 -0.9186 1.0000
-0.3415 -1.2822 0.6294 -0.2971 1.0000
0.7143 -0.3992 0.2267 0.3509 1.0000
-0.4588 -1.1383 0.6605 0.2020 3.0000
0.8263 -0.1339 0.1188 0.8247 2.0000
0.6731 -0.5939 0.3773 -0.0522 1.0000
0.0562 -1.3397 0.5245 -0.9733 1.0000
0.2794 -0.3836 0.3510 0.9792 2.0000
0.9732 -0.1859 0.4403 0.5024 1.0000
0.0008 -0.9598 0.9026 -0.0017 3.0000
-0.4762 -1.2683 0.9855 -0.0811 3.0000
0.0726 -0.5798 0.9338 0.7973 2.0000
-0.6139 -1.4514 0.1175 -0.3261 3.0000
-0.7334 -1.5483 0.2228 -0.3921 3.0000
-0.7589 -1.7069 0.1214 -0.7317 1.0000
0.2873 -0.5381 0.4919 0.6038 2.0000
0.2318 -1.0405 0.9817 -0.5063 1.0000
0.6666 -0.3288 0.8479 0.5821 2.0000
0.0803 -1.0474 0.2358 -0.3164 3.0000
0.0651 -1.1354 0.8942 -0.5035 3.0000
-0.9211 -1.8699 0.9469 -0.8956 1.0000
-0.4888 -1.2515 0.0197 -0.0244 3.0000
-0.0582 -1.0144 0.6611 -0.0504 3.0000
0.8007 -0.8768 0.9159 -0.8932 1.0000
-0.0749 -1.0832 0.4264 -0.1898 3.0000
-0.2782 -1.1241 0.0043 -0.0102 3.0000
-0.5783 -1.1009 0.5010 0.4528 3.0000
0.3625 -0.5407 0.9511 0.4953 1.0000
-0.0337 -0.9374 0.3885 0.0982 3.0000
0.0568 -0.8214 0.0730 0.2487 1.0000
0.7577 -0.9212 0.3595 -0.9397 1.0000
0.3006 -0.6627 0.5810 0.2919 1.0000
-0.4482 -1.3703 0.7660 -0.3597 3.0000
0.5037 -0.9663 0.0172 -0.7008 1.0000
0.3151 -1.1848 0.1901 -0.9599 1.0000
-0.4369 -1.0371 0.6689 0.4109 2.0000
0.4126 -0.8616 0.3495 -0.3300 1.0000
0.4689 -0.6211 0.2997 0.1612 1.0000
0.7210 -0.6624 0.4339 -0.2790 1.0000
-0.7492 -1.1523 0.2635 0.5636 2.0000
-0.7687 -1.8052 0.6151 -0.9503 1.0000
0.0015 -0.9339 0.6643 0.0585 3.0000
-0.1935 -1.0512 0.9590 0.0467 3.0000
-0.7537 -1.5039 0.8301 -0.2596 1.0000
-0.8547 -1.0938 0.1394 0.8452 2.0000
0.1306 -1.0129 0.7650 -0.3033 1.0000
-0.3076 -1.0802 0.6463 0.1336 3.0000
0.2207 -0.9708 0.6329 -0.3266 1.0000
-0.0503 -1.2045 0.7743 -0.5097 3.0000
0.6463 -0.8206 0.8148 -0.5508 1.0000
-0.3320 -0.9457 0.9190 0.4841 2.0000
0.8631 -0.2176 0.0077 0.5774 2.0000
0.5834 -0.2943 0.5694 0.7764 2.0000
-0.9291 -1.3720 0.4939 0.2898 2.0000
0.7556 -0.5571 0.6656 -0.0778 1.0000
-0.4925 -0.8552 0.1882 0.9158 2.0000
0.5171 -0.4596 0.0667 0.4767 1.0000
0.6982 -0.4023 0.7541 0.3655 1.0000
0.4883 -0.4450 0.5775 0.5502 1.0000
0.8315 -0.1655 0.3709 0.7432 1.0000
-0.6530 -1.2866 0.9817 0.1161 2.0000
0.1001 -0.8728 0.3742 0.0685 3.0000
0.5829 -0.2199 0.3977 0.9528 2.0000
0.1791 -0.9343 0.5539 -0.1839 3.0000
-0.4555 -1.4894 0.8587 -0.6309 1.0000
0.5309 -0.5131 0.8672 0.3317 2.0000
0.9219 -0.1949 0.7525 0.5508 1.0000
-0.0107 -1.1120 0.7174 -0.3452 3.0000
0.1054 -0.7502 0.8369 0.3507 2.0000
-0.5200 -0.8779 0.7141 0.8996 2.0000
-0.5329 -1.5226 0.3501 -0.6041 1.0000
0.3580 -0.3642 0.5200 0.9179 2.0000
-0.8456 -1.2108 0.0710 0.5568 2.0000
0.0042 -0.9594 0.0201 -0.0055 3.0000
0.9997 0.0226 0.8588 0.9583 2.0000
0.9760 -0.0777 0.8788 0.7537 1.0000
0.5935 -0.5205 0.7592 0.2290 1.0000
-0.0931 -0.9041 0.1085 0.2574 2.0000
-0.7497 -1.5855 0.7636 -0.4576 1.0000
0.0695 -0.8932 0.9430 0.0620 3.0000
-0.3224 -0.9695 0.7299 0.4148 2.0000
-0.4895 -1.2814 0.8518 -0.0940 3.0000
-0.6034 -1.3677 0.2638 -0.1427 3.0000
0.6328 -0.6445 0.6252 -0.1168 1.0000
0.0567 -0.8187 0.9318 0.2553 1.0000
-0.6466 -1.3920 0.3227 -0.1414 1.0000
-0.6783 -1.3755 0.4956 -0.0593 2.0000
0.3404 -0.9235 0.8092 -0.3777 1.0000
0.8724 -0.1780 0.0171 0.6579 2.0000
0.0244 -0.9495 0.3069 -0.0096 3.0000
0.2824 -0.7709 0.5033 0.0612 1.0000
0.4855 -0.7845 0.1074 -0.2470 1.0000
-0.5981 -1.1496 0.6823 0.3646 3.0000
0.8952 -0.6697 0.6763 -0.5330 1.0000
0.2658 -0.8784 0.0343 -0.1699 3.0000
0.5334 -0.3976 0.7169 0.6007 1.0000
-0.3257 -1.3631 0.2189 -0.5094 1.0000
0.7473 -0.2188 0.2783 0.7318 1.0000
0.6885 -0.8537 0.8584 -0.6862 1.0000
0.5782 -0.4209 0.5571 0.4848 1.0000
0.8939 -0.4572 0.9370 -0.0298 1.0000
0.1645 -1.1842 0.5078 -0.7536 1.0000
0.9908 -0.3232 0.9773 0.1543 1.0000
0.7541 -0.2749 0.3851 0.5903 1.0000
0.3557 -0.9129 0.9722 -0.3734 1.0000
-0.2800 -1.4378 0.5281 -0.7477 1.0000
-0.1649 -1.1781 0.8879 -0.2915 1.0000
-0.4920 -1.3116 0.2898 -0.1619 3.0000
0.1501 -0.8054 0.3396 0.1597 3.0000
0.3746 -0.9558 0.9358 -0.5004 1.0000
-0.0575 -1.0610 0.3606 -0.1612 3.0000
-0.4151 -1.6209 0.7625 -0.9962 1.0000
0.3633 -0.4116 0.1701 0.7989 2.0000
-0.5696 -1.4209 0.1811 -0.3141 1.0000
-0.0437 -0.9342 0.5445 0.1192 1.0000
-0.8091 -1.1807 0.4713 0.5782 2.0000
-0.9427 -1.3093 0.3847 0.4564 2.0000
-0.0481 -0.6470 0.4954 0.8027 2.0000
-0.8907 -1.3805 0.9613 0.2177 2.0000
0.9266 -0.3909 0.6062 0.0820 1.0000
0.1653 -0.8867 0.2744 -0.0528 1.0000
-0.0349 -1.0881 0.3560 -0.2560 1.0000
-0.4830 -1.1423 0.1345 0.2253 3.0000
-0.3020 -1.2567 0.6154 -0.2905 3.0000
0.6105 -0.8321 0.7182 -0.5291 1.0000
-0.9656 -1.3096 0.6507 0.4866 2.0000
0.4419 -1.0875 0.3991 -0.9025 1.0000
0.9122 -0.5289 0.3328 -0.2239 1.0000
-0.2510 -1.1310 0.1054 -0.0632 3.0000
0.3949 -0.4335 0.3696 0.7043 2.0000
0.0191 -0.9524 0.5997 -0.0090 3.0000
0.5728 -0.8537 0.5080 -0.5290 1.0000
0.3050 -0.8474 0.2738 -0.1499 1.0000
0.8358 -0.5167 0.0337 -0.0914 1.0000
0.6857 -0.2195 0.5133 0.8139 2.0000
-0.4840 -1.4645 0.4174 -0.5335 1.0000
-0.0544 -1.1563 0.9426 -0.3902 3.0000
-0.8753 -1.7560 0.3084 -0.6893 1.0000
0.0067 -0.8968 0.6985 0.1390 1.0000
-0.1167 -0.9755 0.3216 0.1210 3.0000
-0.4297 -1.1755 0.3871 0.0745 3.0000
-0.0845 -1.0195 0.9042 -0.0267 3.0000
-0.0378 -1.0765 0.5028 -0.2247 1.0000
-0.1575 -0.8556 0.4013 0.4593 2.0000
-0.1713 -1.0478 0.5331 0.0247 3.0000
0.9420 -0.0992 0.8137 0.7494 2.0000
0.0658 -1.2964 0.9980 -0.8842 1.0000
-0.0902 -0.7739 0.6675 0.5608 2.0000
0.0938 -1.1207 0.0341 -0.5078 1.0000
-0.7410 -1.6021 0.7501 -0.5088 1.0000
-0.8779 -1.6719 0.9727 -0.4872 1.0000
-0.4048 -1.3377 0.1301 -0.3419 3.0000
-0.6471 -1.3864 0.1639 -0.1275 1.0000
-0.2862 -0.8837 0.0679 0.5679 3.0000
-0.3547 -1.3400 0.0636 -0.4156 3.0000
0.7161 -0.1892 0.5254 0.8441 2.0000
-0.9143 -1.2803 0.3561 0.4860 2.0000
0.4935 -0.4863 0.8392 0.4456 2.0000
0.6948 -0.7308 0.9155 -0.4048 1.0000
-0.2578 -1.0390 0.0410 0.1630 3.0000
-0.2156 -1.2573 0.8574 -0.4095 1.0000
0.4201 -0.5541 0.3669 0.3855 2.0000
0.6113 -0.5693 0.3034 0.0898 1.0000
-0.0980 -1.0942 0.4630 -0.1844 3.0000
0.4508 -0.9967 0.5874 -0.7005 1.0000
0.7895 -0.2483 0.0234 0.6048 2.0000
0.8493 -0.5477 0.0142 -0.1828 1.0000
0.1954 -0.8088 0.7780 0.0900 1.0000
-0.4246 -1.2360 0.5727 -0.0751 3.0000
0.4185 -0.4765 0.5345 0.5708 2.0000
-0.6242 -1.4565 0.3326 -0.3239 3.0000
0.0116 -0.9155 0.5319 0.0882 3.0000
-0.9432 -1.3304 0.7800 0.4072 3.0000
-0.4054 -1.3141 0.5958 -0.2855 3.0000
0.8654 -0.5610 0.5142 -0.2362 1.0000
-0.8037 -1.8142 0.1178 -0.9239 1.0000
-0.0162 -1.2511 0.4462 -0.6659 1.0000
-0.3095 -1.0578 0.9799 0.1890 3.0000
-0.6325 -1.2868 0.2495 0.0878 3.0000
-0.0981 -1.2633 0.4942 -0.5832 1.0000
0.3406 -0.9462 0.8982 -0.4315 1.0000
0.6035 -0.4226 0.0674 0.4463 1.0000
0.5599 -0.7064 0.3315 -0.1639 1.0000
0.6088 -0.2366 0.7359 0.8780 2.0000
-0.3206 -1.3623 0.5661 -0.5144 3.0000
-0.2762 -1.2668 0.8381 -0.3494 1.0000
-0.5793 -1.3173 0.0255 -0.0566 3.0000
-0.1602 -1.1275 0.8935 -0.1786 3.0000
-0.8637 -1.3951 0.7346 0.1464 2.0000
0.1865 -0.9512 0.7119 -0.2339 1.0000
-0.4078 -1.3870 0.4216 -0.4541 3.0000
-0.4178 -1.5563 0.4657 -0.8400 1.0000
0.1315 -0.7800 0.5945 0.2450 2.0000
-0.9543 -1.6060 0.1122 -0.2280 2.0000
-0.7826 -1.1909 0.4613 0.5180 3.0000
-0.0252 -0.6765 0.1001 0.7021 2.0000
0.8689 -0.7921 0.3996 -0.7861 1.0000
0.6302 -0.3387 0.7372 0.6082 2.0000
0.9714 -0.7846 0.3046 -0.9078 1.0000
-0.6356 -1.7219 0.8059 -0.9347 1.0000
-0.9598 -1.6271 0.8677 -0.2704 3.0000
-0.7401 -1.7073 0.9633 -0.7581 1.0000
0.7854 -0.6965 0.8195 -0.4470 1.0000
-0.9349 -1.6531 0.0500 -0.3654 1.0000
-0.1423 -1.0381 0.1926 0.0081 3.0000
-0.1164 -1.1167 0.4335 -0.2126 3.0000
-0.5416 -1.3548 0.2808 -0.1964 3.0000
0.4802 -0.5769 0.1452 0.2501 1.0000
-0.8290 -1.8372 0.6207 -0.9438 1.0000
-0.2677 -1.0037 0.2180 0.2598 3.0000
-0.8071 -1.2769 0.9940 0.3485 3.0000
-0.2231 -1.0053 0.5836 0.1955 3.0000
-0.3997 -1.5562 0.6983 -0.8645 1.0000
-0.0314 -1.1481 0.9810 -0.4021 1.0000
-0.7853 -1.2589 0.7655 0.3611 3.0000
-0.4072 -1.3316 0.5491 -0.3243 1.0000
-0.6980 -1.2192 0.2225 0.3362 2.0000
-0.6280 -1.2404 0.0774 0.1909 3.0000
0.9732 -0.0088 0.1597 0.9202 2.0000
0.3823 -0.3595 0.4924 0.8959 2.0000
0.7815 -0.5819 0.8058 -0.1715 1.0000
-0.9074 -1.2331 0.5370 0.5881 2.0000
0.1323 -0.7668 0.3772 0.2749 1.0000
-0.6713 -1.4310 0.3349 -0.1997 1.0000
-0.1120 -1.1434 0.8436 -0.2815 3.0000
-0.2211 -1.0071 0.5748 0.1883 3.0000
0.3645 -1.0858 0.7257 -0.7935 1.0000
-0.2432 -1.1973 0.0891 -0.2303 3.0000
0.0220 -1.3447 0.5569 -0.9386 1.0000
0.2219 -1.1034 0.9020 -0.6410 1.0000
0.1992 -0.8519 0.2384 -0.0168 1.0000
0.0250 -0.9798 0.4071 -0.0819 3.0000
-0.6081 -1.0444 0.9434 0.6265 2.0000
0.5246 -0.4574 0.6647 0.4715 1.0000
0.0234 -0.8952 0.8660 0.1200 1.0000
0.7192 -0.1289 0.7692 0.9821 2.0000
0.5188 -0.5157 0.5753 0.3419 1.0000
-0.6724 -1.5203 0.1154 -0.4090 1.0000
0.1784 -0.7592 0.4572 0.2301 1.0000
0.3474 -0.5886 0.5571 0.4030 1.0000
-0.1701 -1.1873 0.8577 -0.3061 3.0000
0.6541 -0.7559 0.3755 -0.4089 1.0000
0.0209 -1.1269 0.1540 -0.4233 1.0000
-0.6049 -1.2607 0.3725 0.1118 2.0000
0.0303 -0.7744 0.1077 0.3956 2.0000
-0.5006 -1.2631 0.6780 -0.0357 3.0000
0.1179 -0.6239 0.6605 0.6316 2.0000
0.3111 -1.1595 0.5875 -0.8948 1.0000
-0.2121 -1.0902 0.8704 -0.0200 3.0000
-0.9279 -1.4824 0.7009 0.0278 2.0000
-0.0328 -1.3381 0.1692 -0.8485 1.0000
0.8865 -0.8341 0.3371 -0.9091 1.0000
-0.8730 -1.7311 0.0048 -0.6337 1.0000
0.8191 -0.1661 0.2831 0.7586 1.0000
0.8397 -0.3722 0.6908 0.2443 1.0000
-0.2957 -1.0691 0.5643 0.1435 3.0000
0.4051 -0.4155 0.2968 0.7330 2.0000
0.5451 -0.6844 0.5135 -0.0919 1.0000
-0.7816 -1.5989 0.4372 -0.4459 1.0000
-0.2882 -0.8820 0.5198 0.5748 2.0000
0.8729 -0.1980 0.4024 0.6100 1.0000
0.0486 -0.9919 0.6154 -0.1424 1.0000
0.9272 -0.5371 0.4164 -0.2638 1.0000
0.0310 -1.2185 0.5122 -0.6530 1.0000
-0.9936 -1.2247 0.0284 0.7250 2.0000
-0.8617 -1.0323 0.3207 0.9997 2.0000
-0.4687 -1.2500 0.5884 -0.0481 3.0000
0.5712 -0.8087 0.7819 -0.4206 1.0000
0.9263 -0.4432 0.7995 -0.0409 1.0000
-0.2627 -0.8289 0.4124 0.6655 2.0000
-0.6729 -1.4039 0.7977 -0.1337 2.0000
-0.4430 -0.9686 0.6296 0.5808 2.0000
-0.9653 -1.5726 0.3653 -0.1341 1.0000
-0.7161 -1.0060 0.7790 0.8640 2.0000
-0.8693 -1.3026 0.6708 0.3724 3.0000
0.8394 -0.3448 0.0472 0.3092 1.0000
0.7980 -0.6833 0.9358 -0.4330 1.0000
0.8349 -0.2755 0.8998 0.4788 1.0000
-0.2757 -1.0439 0.4600 0.1758 3.0000
0.3285 -0.8996 0.1064 -0.3051 1.0000
-0.9520 -1.7635 0.2582 -0.6026 1.0000
0.7314 -0.4422 0.6071 0.2264 1.0000
-0.9265 -1.2304 0.6070 0.6204 2.0000
0.2251 -0.8713 0.0256 -0.0978 1.0000
-0.1936 -1.0807 0.2683 -0.0226 3.0000
0.7610 -0.6077 0.0336 -0.2044 1.0000
-0.2960 -1.1462 0.7095 -0.0380 3.0000
-0.8560 -1.3454 0.1947 0.2533 2.0000
-0.3614 -1.1047 0.2166 0.1488 3.0000
-0.0902 -0.8420 0.6043 0.3998 3.0000
0.8841 -0.0349 0.1398 0.9797 2.0000
-0.4858 -1.1822 0.9040 0.1351 3.0000
0.0671 -0.6963 0.9691 0.5300 2.0000
-0.2175 -1.4593 0.0996 -0.8835 1.0000
-0.2949 -1.0915 0.5435 0.0896 3.0000
-0.6326 -1.0982 0.3594 0.5328 2.0000
-0.0354 -0.7591 0.0418 0.5212 2.0000
-0.0400 -0.9125 0.3156 0.1654 3.0000
0.9689 -0.1046 0.1537 0.7000 2.0000
-0.5913 -1.2162 0.3881 0.1982 3.0000
-0.4867 -1.5879 0.5177 -0.8210 1.0000
-0.2385 -1.3144 0.7999 -0.5130 1.0000
0.4661 -0.5525 0.7096 0.3268 1.0000
-0.8910 -1.4741 0.9799 -0.0028 2.0000
-0.4938 -1.1700 0.5046 0.1748 3.0000
-0.3724 -1.0150 0.6658 0.3755 2.0000
0.1596 -0.6978 0.9515 0.4005 2.0000
0.2400 -1.1528 0.3994 -0.7821 1.0000
0.4657 -0.5633 0.0093 0.3019 1.0000
0.7133 -0.8000 0.1956 -0.5934 1.0000
-0.3270 -1.4479 0.8989 -0.7076 1.0000
0.1131 -0.8911 0.3569 0.0077 3.0000
-0.0049 -1.3355 0.5385 -0.8804 1.0000
-0.2597 -1.0733 0.2149 0.0847 3.0000
0.6299 -0.4361 0.7769 0.3788 2.0000
-0.3568 -0.8124 0.1904 0.8323 2.0000
-0.1760 -0.9235 0.4816 0.3243 1.0000
0.4386 -0.7119 0.7601 -0.0121 1.0000
-0.8925 -1.4881 0.8023 -0.0338 1.0000
0.8853 -0.2137 0.1506 0.5563 2.0000
0.5460 -0.4766 0.6873 0.3973 1.0000
0.0319 -0.5861 0.8245 0.8377 2.0000
-0.2711 -0.9134 0.9737 0.4773 3.0000
0.3981 -0.7919 0.8514 -0.1457 1.0000
-0.4877 -1.5214 0.4053 -0.6626 1.0000
0.5853 -0.4076 0.4073 0.5065 2.0000
-0.0590 -1.2269 0.9470 -0.5506 1.0000
-0.8869 -1.7432 0.0661 -0.6432 1.0000
-0.3491 -1.5648 0.9514 -0.9534 1.0000
-0.8657 -1.5068 0.2581 -0.1144 1.0000
-0.4729 -1.2837 0.3983 -0.1219 3.0000
-0.8555 -1.6074 0.1980 -0.3656 1.0000
-0.4978 -1.1922 0.7567 0.1277 3.0000
0.0172 -0.9033 0.7669 0.1093 1.0000
0.0863 -0.6711 0.1095 0.5633 2.0000
0.0554 -0.9527 0.8753 -0.0592 1.0000
0.2735 -1.1514 0.2778 -0.8246 1.0000
-0.1073 -1.1187 0.1586 -0.2296 3.0000
0.5556 -0.5489 0.6318 0.2135 1.0000
-0.0163 -0.9892 0.3382 -0.0479 3.0000
0.5127 -0.8372 0.1866 -0.4083 1.0000
-0.3055 -1.4061 0.3215 -0.6382 1.0000
0.1999 -0.7524 0.0073 0.2170 2.0000
0.4613 -0.5636 0.0850 0.3072 1.0000
-0.4562 -1.3270 0.7045 -0.2468 3.0000
-0.1516 -0.7335 0.5239 0.7394 2.0000
-0.2228 -1.1188 0.7408 -0.0728 3.0000
-0.9182 -1.4103 0.0672 0.1848 2.0000
-0.2400 -1.0607 0.3674 0.0876 3.0000
-0.7810 -1.7103 0.2772 -0.7098 1.0000
0.2180 -0.9014 0.0102 -0.1592 3.0000
-0.0826 -0.7810 0.8822 0.5336 2.0000
-0.9827 -1.1157 0.7580 0.9674 2.0000
-0.4293 -1.0747 0.5368 0.3118 3.0000
-0.4068 -1.3050 0.4154 -0.2621 3.0000
0.9486 -0.1823 0.4134 0.5444 1.0000
0.2437 -0.8627 0.4688 -0.1029 1.0000
0.0173 -0.6534 0.5398 0.6989 2.0000
0.8154 -0.5762 0.5032 -0.2042 1.0000
-0.7983 -1.1830 0.5427 0.5580 2.0000
0.2123 -1.0911 0.8590 -0.5990 1.0000
0.2547 -1.0705 0.2547 -0.6080 1.0000
-0.8680 -1.2502 0.7914 0.4943 2.0000
0.7042 -0.1614 0.2763 0.9258 2.0000
-0.3167 -1.3309 0.0680 -0.4457 1.0000
-0.5777 -1.2650 0.6847 0.0646 3.0000
0.0853 -0.7275 0.4854 0.4314 2.0000
-0.2373 -0.9619 0.2624 0.3170 1.0000
-0.2320 -0.9653 0.7490 0.3018 2.0000
-0.2374 -1.3396 0.6558 -0.5739 1.0000
-0.0898 -1.0444 0.1094 -0.0782 3.0000
-0.9437 -1.6205 0.4651 -0.2767 2.0000
0.9196 -0.7610 0.6972 -0.7817 1.0000
0.1834 -1.2731 0.9574 -0.9892 1.0000
0.7641 -0.2440 0.4033 0.6495 1.0000
0.5539 -0.4470 0.6716 0.4563 1.0000
0.2937 -0.5223 0.7280 0.6323 2.0000
-0.1585 -0.6325 0.2504 0.9872 2.0000
0.9500 -0.7907 0.0494 -0.8932 1.0000
-0.8514 -1.5520 0.4819 -0.2405 2.0000
0.6077 -0.5216 0.5026 0.2070 1.0000
-0.4092 -1.2029 0.8558 -0.0178 3.0000
0.9235 -0.5509 0.7925 -0.2914 1.0000
-0.7233 -1.5685 0.7233 -0.4535 1.0000
-0.5934 -1.4962 0.3111 -0.4596 3.0000
0.9719 -0.1204 0.9360 0.6587 1.0000
0.5983 -0.3318 0.2448 0.6679 1.0000
-0.4151 -1.2382 0.8444 -0.0932 3.0000
-0.9038 -1.0768 0.8875 0.9521 2.0000
0.0382 -0.5512 0.6860 0.9116 2.0000
-0.6899 -1.2716 0.8226 0.2016 2.0000
0.5641 -0.4132 0.9529 0.5220 2.0000
0.9809 -0.5195 0.6988 -0.2951 1.0000
-0.3970 -1.0490 0.8563 0.3285 3.0000
-0.4094 -1.3983 0.2989 -0.4786 1.0000
-0.2068 -0.9486 0.3136 0.3070 2.0000
0.2159 -1.2227 0.5645 -0.9145 1.0000
0.3921 -1.0776 0.7798 -0.8117 1.0000
-0.2363 -0.8591 0.9938 0.5583 3.0000
-0.4651 -1.2418 0.7725 -0.0337 3.0000
-0.5211 -1.0388 0.1312 0.5214 2.0000
-0.2357 -0.6721 0.8576 0.9987 2.0000
-0.6120 -1.1690 0.8647 0.3379 2.0000
0.5605 -0.3383 0.3807 0.7038 2.0000
0.3595 -0.7099 0.4798 0.1003 1.0000
-0.9530 -1.5748 0.5455 -0.1561 1.0000
0.5318 -0.7833 0.8263 -0.3072 1.0000
-0.8908 -1.4392 0.7133 0.0792 2.0000
0.9968 -0.7840 0.9150 -0.9410 1.0000
0.8853 -0.5224 0.8686 -0.1720 1.0000
0.6394 -0.9317 0.7536 -0.8037 1.0000
0.5749 -0.6142 0.0119 0.0333 1.0000
0.3909 -0.5069 0.0682 0.5366 2.0000
-0.7435 -1.3715 0.5430 0.0388 2.0000
0.5440 -0.3929 0.8527 0.5976 1.0000
-0.0225 -1.0523 0.9016 -0.1884 1.0000
-0.5833 -1.5875 0.6348 -0.6886 1.0000
-0.1046 -0.9206 0.5065 0.2340 2.0000
-0.9346 -1.8762 0.7404 -0.8922 1.0000
-0.3183 -0.7924 0.3782 0.8271 2.0000
-0.7063 -1.0161 0.0748 0.8268 2.0000
-0.0839 -1.0905 0.1451 -0.1949 3.0000
0.8742 -0.1142 0.0302 0.8060 2.0000
-0.2167 -1.1258 0.9203 -0.0976 3.0000
-0.8882 -1.7071 0.4083 -0.5563 1.0000
0.3274 -0.3534 0.1186 0.9850 2.0000
-0.2383 -1.3037 0.4902 -0.4880 1.0000
0.2680 -0.6930 0.4605 0.2646 1.0000
0.5642 -0.3576 0.5238 0.6533 2.0000
0.1841 -0.7450 0.4292 0.2561 2.0000
-0.9903 -1.5711 0.7058 -0.0966 2.0000
-0.6227 -1.5022 0.0032 -0.4340 1.0000
0.1524 -0.9948 0.1583 -0.2903 1.0000
0.1243 -0.9425 0.0710 -0.1288 1.0000
0.9898 0.0127 0.9168 0.9484 2.0000
-0.9652 -1.4085 0.8576 0.2530 3.0000
-0.3977 -1.5925 0.3746 -0.9528 1.0000
0.2887 -0.7530 0.3008 0.0949 3.0000
0.3285 -0.8619 0.2023 -0.2161 1.0000
-0.6011 -1.2284 0.9717 0.1829 3.0000
0.1751 -0.7535 0.2348 0.2480 3.0000
0.2176 -0.4630 0.5864 0.8757 2.0000
-0.2812 -1.1650 0.4761 -0.1024 3.0000
-0.1186 -0.7751 0.1741 0.5964 3.0000
0.3411 -0.9151 0.6868 -0.3590 1.0000
0.1606 -0.9559 0.7643 -0.2098 1.0000
0.6123 -1.0120 0.0250 -0.9562 1.0000
-0.8679 -1.2435 0.7169 0.5100 2.0000
-0.4209 -1.5327 0.1668 -0.7800 1.0000
0.3402 -0.4319 0.9416 0.7826 2.0000
0.6963 -0.9741 0.2296 -0.9810 1.0000
-0.8700 -1.3949 0.6500 0.1556 3.0000
-0.3340 -1.1965 0.1975 -0.1051 3.0000
-0.1374 -1.0949 0.8286 -0.1327 3.0000
-0.8256 -1.2990 0.4666 0.3215 3.0000
0.2299 -1.2056 0.0546 -0.8931 1.0000
-0.1048 -0.8694 0.9399 0.3551 2.0000
-0.1108 -1.1454 0.6282 -0.2878 3.0000
0.1289 -0.7727 0.2205 0.2655 2.0000
0.8389 -0.1621 0.4452 0.7411 1.0000
-0.7431 -1.5133 0.0305 -0.2963 1.0000
0.9882 -0.2708 0.5315 0.2817 1.0000
0.1462 -0.7646 0.9383 0.2611 2.0000
-0.5651 -1.3867 0.9253 -0.2396 1.0000
0.1350 -0.9368 0.7014 -0.1299 3.0000
-0.3461 -1.3405 0.6141 -0.4283 1.0000
-0.0596 -0.8548 0.3401 0.3282 2.0000
-0.6387 -1.2921 0.9358 0.0836 3.0000
0.0798 -0.6917 0.0109 0.5235 3.0000
0.8791 -0.0634 0.3730 0.9193 2.0000
-0.5266 -1.4047 0.9215 -0.3344 1.0000
-0.3810 -1.5996 0.0413 -0.9922 1.0000
0.6554 -0.7057 0.6567 -0.2922 1.0000
0.3332 -0.4796 0.0660 0.6795 2.0000
-0.2820 -1.0648 0.9282 0.1350 3.0000
0.9550 -0.7536 0.8924 -0.8124 1.0000
0.9245 -0.3642 0.5516 0.1478 1.0000
0.5511 -0.7788 0.6896 -0.3227 1.0000
0.0221 -1.0375 0.8914 -0.2140 1.0000
0.8503 -0.2416 0.3087 0.5379 1.0000
0.4544 -0.4480 0.1452 0.5893 1.0000
-0.9040 -1.3548 0.3683 0.2964 2.0000
-0.6195 -1.4883 0.2113 -0.4052 1.0000
-0.4689 -1.2831 0.4109 -0.1258 3.0000
0.4924 -1.0649 0.4310 -0.9180 1.0000
0.9676 -0.6022 0.0374 -0.4722 1.0000
0.0785 -0.4996 0.9792 0.9785 2.0000
-0.3304 -1.2262 0.8534 -0.1799 3.0000
0.5089 -0.7285 0.8191 -0.1466 1.0000
-0.9763 -1.4540 0.6927 0.1607 2.0000
0.5857 -0.9260 0.1278 -0.7172 1.0000
-0.2353 -1.0585 0.4331 0.0865 3.0000
-0.6364 -1.4187 0.5524 -0.2183 3.0000
0.1373 -0.9532 0.4827 -0.1717 1.0000
0.3276 -0.7565 0.0696 0.0337 1.0000
0.9144 -0.4114 0.0961 0.0502 1.0000
0.2367 -0.4351 0.1802 0.9156 2.0000
-0.5756 -1.3061 0.1639 -0.0352 3.0000
-0.3368 -1.4430 0.8084 -0.6827 1.0000
-0.0985 -0.8797 0.5772 0.3222 2.0000
-0.7466 -0.9766 0.8782 0.9748 2.0000
-0.3801 -1.5164 0.4371 -0.7972 1.0000
0.4949 -0.3629 0.8256 0.7349 2.0000
-0.9825 -1.2567 0.8753 0.6346 2.0000
-0.0213 -1.0684 0.1563 -0.2279 1.0000
0.1478 -1.1159 0.4384 -0.5697 1.0000
0.0114 -1.2312 0.6676 -0.6565 1.0000
-0.8288 -1.5010 0.9479 -0.1508 1.0000
-0.0793 -0.7540 0.3552 0.5928 2.0000
-0.5413 -1.3542 0.1309 -0.1952 3.0000
0.5416 -0.4974 0.0234 0.3540 1.0000
-0.1074 -1.1650 0.9355 -0.3386 1.0000
-0.0092 -1.2878 0.1848 -0.7621 1.0000
0.0901 -1.2344 0.7313 -0.7709 1.0000
0.3631 -0.3278 0.8268 0.9970 2.0000
0.8990 -0.6470 0.1827 -0.4847 1.0000
0.0535 -0.8398 0.5513 0.2098 3.0000
-0.8480 -1.4310 0.5141 0.0404 2.0000
-0.3978 -1.5920 0.1102 -0.9516 1.0000
-0.2615 -1.4987 0.7845 -0.9166 1.0000
-0.1677 -1.0239 0.8462 0.0761 3.0000
-0.4353 -1.1857 0.4136 0.0582 3.0000
0.2833 -0.5759 0.7486 0.5200 2.0000
-0.8998 -1.2182 0.1486 0.6129 2.0000
0.8779 -0.3871 0.7856 0.1572 1.0000
0.8743 -0.6220 0.7668 -0.3922 1.0000
0.3807 -1.1615 0.4744 -0.9941 1.0000
-0.5370 -0.8887 0.3565 0.8973 2.0000
-0.5059 -1.3404 0.3407 -0.2109 3.0000
0.7179 -0.9142 0.5754 -0.8691 1.0000
-0.4642 -1.1007 0.7070 0.2980 3.0000
0.4688 -0.4968 0.7336 0.4545 2.0000
0.6800 -0.3630 0.7306 0.4832 1.0000
0.1173 -1.0146 0.7180 -0.2893 3.0000
-0.0148 -0.9937 0.1353 -0.0604 3.0000
-0.5666 -1.2865 0.1205 -0.0011 3.0000
-0.1342 -1.0882 0.1001 -0.1211 3.0000
0.6973 -0.1699 0.8818 0.9152 2.0000
0.3735 -0.5467 0.7286 0.4662 2.0000
-0.8885 -1.2832 0.7590 0.4443 2.0000
-0.8768 -1.0739 0.9657 0.9222 2.0000
-0.7493 -1.7653 0.5073 -0.8826 1.0000
0.8219 -0.8683 0.2153 -0.9020 1.0000
0.9810 -0.7574 0.1322 -0.8566 1.0000
-0.3280 -1.1391 0.0777 0.0222 3.0000
0.8086 -0.1671 0.8948 0.7703 2.0000
0.5498 -0.7595 0.3043 -0.2755 1.0000
-0.8658 -1.7116 0.2586 -0.5974 1.0000
0.1967 -0.4921 0.0173 0.8355 2.0000
-0.1046 -0.9211 0.4748 0.2329 2.0000
-0.2998 -0.9819 0.6259 0.3547 3.0000
0.6260 -0.6481 0.5366 -0.1162 1.0000
-0.9255 -1.6240 0.8544 -0.3096 1.0000
-0.3775 -1.4077 0.9670 -0.5441 1.0000
0.2238 -1.1684 0.7423 -0.7969 1.0000
0.4200 -0.5258 0.2000 0.4525 2.0000
-0.4414 -1.1059 0.7872 0.2546 3.0000
0.4080 -0.4106 0.2771 0.7406 2.0000
-1.0778 -1.6030 0.9858 -0.0530 3.0000
0.8721 -0.3597 0.2464 0.2298 1.0000
0.8959 -0.1660 0.7137 0.6545 2.0000
0.7659 -0.3356 0.0656 0.4309 2.0000
-0.4873 -1.0343 0.8649 0.4861 3.0000
-0.5064 -1.1450 0.6811 0.2507 2.0000
-0.6142 -1.6990 0.1121 -0.9098 1.0000
-0.3726 -1.2837 0.5336 -0.2583 3.0000
-0.2365 -1.2873 0.9897 -0.4517 3.0000
-0.7340 -1.7484 0.2062 -0.8634 1.0000
0.7881 -0.4522 0.0775 0.1257 1.0000
0.7475 -0.4057 0.4834 0.2907 1.0000
-0.4209 -1.0702 0.7560 0.3112 3.0000
0.8154 -0.8615 0.9201 -0.8771 1.0000
-0.6739 -1.3715 0.0198 -0.0559 1.0000
-0.1236 -0.6519 0.7037 0.8938 2.0000
0.4812 -0.7137 0.7089 -0.0740 1.0000
0.0195 -1.0460 0.6852 -0.2305 1.0000
0.9624 -0.1157 0.1179 0.6826 1.0000
-0.4813 -1.5486 0.2394 -0.7357 1.0000
0.9467 -0.1646 0.0588 0.5886 1.0000
-0.2528 -1.1116 0.2168 -0.0151 3.0000
0.9796 -0.1608 0.2705 0.5528 1.0000
0.8980 -0.7768 0.1037 -0.7897 1.0000
-0.1403 -1.3390 0.2427 -0.7047 1.0000
0.0380 -0.7350 0.7712 0.4782 2.0000
0.6702 -0.2949 0.2574 0.6571 2.0000
0.2480 -0.8116 0.7226 0.0118 1.0000
0.7997 -0.2782 0.3176 0.5204 1.0000
-0.1173 -1.2942 0.3512 -0.6302 1.0000
0.9751 -0.1433 0.4823 0.6003 2.0000
-0.0907 -1.0917 0.7831 -0.1886 1.0000
-0.2872 -0.9703 0.0799 0.3650 3.0000
0.3971 -0.6376 0.2946 0.2199 1.0000
0.7650 -0.1184 0.9116 0.9446 2.0000
0.7744 -0.2601 0.1151 0.5975 2.0000
0.3954 -0.4759 0.3878 0.6035 2.0000
0.8093 -0.4223 0.0679 0.1673 1.0000
0.7061 -0.2367 0.0307 0.7455 2.0000
-0.4610 -1.0299 0.7773 0.4607 2.0000
0.7901 -0.1640 0.2977 0.8029 2.0000
0.3871 -0.5101 0.4542 0.5342 2.0000
0.0788 -0.9621 0.4137 -0.1131 1.0000
0.0969 -1.0511 0.7572 -0.3478 3.0000
0.1273 -1.2009 0.4646 -0.7425 1.0000
-0.6122 -1.6553 0.1327 -0.8094 1.0000
-0.1665 -1.4508 0.1905 -0.9328 1.0000
0.0001 -0.9909 0.4245 -0.0742 3.0000
0.1324 -0.6045 0.1005 0.6579 2.0000
-0.2260 -1.0427 0.3976 0.1110 3.0000
-0.5654 -1.1152 0.9510 0.4014 3.0000
0.6405 -0.2682 0.4096 0.7605 2.0000
-0.2787 -0.8244 0.9779 0.6978 2.0000
0.6884 -0.5031 0.8724 0.1410 1.0000
-0.9402 -1.5861 0.9929 -0.2002 2.0000
0.7906 -0.8071 0.0312 -0.7152 1.0000
0.8955 -0.7570 0.6699 -0.7396 1.0000
0.9894 -0.1535 0.7077 0.5569 1.0000
0.6169 -0.2669 0.2373 0.7956 2.0000
-0.3393 -1.0242 0.7290 0.3087 2.0000
0.4886 -0.9852 0.6251 -0.7248 1.0000
0.8783 -0.3748 0.2243 0.1856 1.0000
-0.1874 -0.9436 0.2117 0.2923 3.0000
0.1517 -0.5703 0.3984 0.7122 2.0000
0.2254 -1.1612 0.6423 -0.7822 1.0000
-0.8422 -1.1126 0.0160 0.7839 2.0000
-0.8828 -1.2601 0.1303 0.4910 2.0000
-0.9478 -1.8685 0.2683 -0.8561 1.0000
0.1296 -0.9338 0.6255 -0.1153 1.0000
-0.8736 -1.3768 0.6520 0.2031 2.0000
0.9492 -0.8184 0.1964 -0.9575 1.0000
0.6917 -0.7150 0.1004 -0.3633 1.0000
0.0170 -0.8807 0.5076 0.1629 2.0000
-0.3840 -1.0069 0.7851 0.4102 3.0000
0.8900 -0.5877 0.7530 -0.3326 1.0000
0.4820 -0.4858 0.1872 0.4625 2.0000
0.5159 -0.6470 0.4373 0.0362 1.0000
0.7850 -0.7630 0.9115 -0.6033 1.0000
-0.2540 -0.6931 0.8111 0.9740 2.0000
-0.9323 -1.6850 0.6608 -0.4443 1.0000
0.1092 -0.6970 0.1378 0.4709 2.0000
0.6806 -0.3569 0.2321 0.4967 1.0000
-0.4612 -1.0983 0.8191 0.2996 2.0000
0.0396 -0.9992 0.3005 -0.1475 1.0000
0.6800 -0.2836 0.5182 0.6705 2.0000
-0.2644 -1.1304 0.2074 -0.0437 3.0000
0.4960 -1.0181 0.1243 -0.8124 1.0000
-0.6218 -1.7191 0.7085 -0.9469 1.0000
0.7217 -0.3393 0.6686 0.4825 2.0000
-0.3998 -1.5695 0.0040 -0.8956 1.0000
0.6635 -0.3163 0.2866 0.6159 2.0000
-0.1016 -0.8939 0.5616 0.2930 3.0000
-0.7716 -1.4244 0.5814 -0.0478 1.0000
-0.4819 -1.2605 0.5528 -0.0548 3.0000
0.1857 -0.7325 0.1951 0.2833 2.0000
-0.3840 -1.2544 0.6976 -0.1737 3.0000
0.7594 -0.7735 0.5752 -0.5934 1.0000
0.0903 -0.6896 0.4835 0.5142 2.0000
-0.5374 -1.4346 0.0270 -0.3904 1.0000
-0.5129 -1.1289 0.2677 0.2976 3.0000
-0.0967 -1.0592 0.2522 -0.1038 3.0000
-0.0682 -0.8760 0.1614 0.2899 1.0000
0.7336 -0.3299 0.4573 0.4884 1.0000
0.8334 -0.2519 0.0025 0.5367 2.0000
-0.7036 -1.3613 0.1145 0.0086 3.0000
-0.3250 -1.1620 0.1087 -0.0358 3.0000
0.4461 -1.0455 0.4992 -0.8094 1.0000
-0.0608 -0.8607 0.5032 0.3160 2.0000
-0.4629 -1.3665 0.0441 -0.3310 1.0000
-0.5325 -1.3493 0.3108 -0.1958 1.0000
0.8188 -0.1741 0.9896 0.7402 1.0000
-0.4749 -1.1037 0.9854 0.3055 2.0000
0.8160 -0.2729 0.0134 0.5106 2.0000
-0.9779 -1.8494 0.7166 -0.7702 1.0000
-0.7410 -1.1995 0.9677 0.4411 2.0000
-0.5031 -1.2454 0.9918 0.0094 3.0000
-0.8173 -1.0388 0.0019 0.9240 2.0000
0.8080 -0.5126 0.0205 -0.0440 1.0000
0.9471 -0.1381 0.0693 0.6505 2.0000
-0.3449 -1.0024 0.8850 0.3677 3.0000
-0.3181 -0.8726 0.1980 0.6377 2.0000
0.5804 -0.4276 0.0796 0.4660 2.0000
0.4802 -1.0028 0.4165 -0.7550 1.0000
0.6361 -0.5206 0.4994 0.1711 1.0000
-0.0013 -0.6941 0.1432 0.6280 2.0000
0.1882 -0.6790 0.2200 0.4060 2.0000
0.9533 -0.2609 0.9838 0.3525 1.0000
0.8724 -0.1924 0.6125 0.6240 2.0000
-0.9230 -1.1119 0.5592 0.8953 2.0000
-0.4430 -1.2002 0.6959 0.0344 3.0000
-0.7918 -1.5340 0.0590 -0.2789 1.0000
-0.2140 -1.0789 0.6301 0.0092 3.0000
0.6831 -0.3541 0.9742 0.4999 1.0000
-0.6427 -1.1227 0.4612 0.4887 2.0000
0.0695 -1.2872 0.3532 -0.8674 1.0000
-0.3963 -1.1480 0.9533 0.0940 3.0000
-0.0301 -1.1796 0.5102 -0.4783 1.0000
-0.9365 -1.6213 0.2805 -0.2882 1.0000
-0.6749 -1.2980 0.1898 0.1189 2.0000
0.3783 -0.3512 0.3538 0.9210 2.0000
-0.2137 -1.1754 0.4359 -0.2188 3.0000
0.6798 -0.9729 0.8444 -0.9557 1.0000
0.2896 -0.6015 0.0878 0.4511 1.0000
0.0659 -0.7776 0.1730 0.3397 2.0000
-0.4685 -1.1207 0.9691 0.2566 3.0000
0.5972 -0.2446 0.9755 0.8749 2.0000
-0.0154 -1.2774 0.9672 -0.7290 1.0000
-0.6235 -1.3034 0.9768 0.0362 1.0000
-0.2420 -1.1474 0.1068 -0.1144 3.0000
-0.4144 -1.2998 0.2194 -0.2396 3.0000
0.4640 -0.9252 0.5210 -0.5498 1.0000
-0.4971 -1.4207 0.9686 -0.4122 1.0000
-0.2693 -0.9875 0.8820 0.3002 3.0000
-0.2948 -1.1578 0.7236 -0.0672 3.0000
-0.5316 -1.3242 0.3421 -0.1375 3.0000
-0.8558 -1.1553 0.4904 0.7016 2.0000
-0.0147 -1.3494 0.0250 -0.8999 1.0000
0.5661 -0.2435 0.6753 0.9199 2.0000
0.6597 -0.3750 0.7846 0.4824 1.0000
-0.7571 -1.3030 0.9513 0.2188 2.0000
-0.3381 -1.2323 0.2081 -0.1840 3.0000
0.4302 -0.5763 0.2114 0.3195 1.0000
-0.6398 -1.5563 0.1602 -0.5383 1.0000
0.3758 -1.1276 0.2605 -0.9074 1.0000
-0.4991 -0.9967 0.2152 0.5908 2.0000
-0.7779 -1.2491 0.3578 0.3743 2.0000
0.1653 -0.4742 0.5349 0.9204 2.0000
0.0797 -1.2690 0.0605 -0.8385 1.0000
-0.6190 -1.2633 0.6625 0.1247 1.0000
-0.8355 -1.3847 0.6473 0.1327 3.0000
-0.0047 -0.9582 0.4578 0.0096 1.0000
-0.6637 -1.7581 0.3788 -0.9819 1.0000
0.1171 -0.8568 0.9825 0.0833 1.0000
0.3856 -0.9733 0.6541 -0.5567 1.0000
-0.9229 -1.5900 0.7188 -0.2330 1.0000
0.0171 -0.8275 0.9134 0.2884 1.0000
-0.1831 -0.7343 0.4920 0.7804 2.0000
0.8166 -0.1825 0.3820 0.7232 1.0000
0.1623 -1.0045 0.3478 -0.3266 1.0000
-0.2997 -1.3752 0.8453 -0.5734 1.0000
-0.4054 -1.1505 0.2314 0.1006 3.0000
-0.3603 -1.2128 0.2936 -0.1077 3.0000
-0.5146 -1.1097 0.8468 0.3452 3.0000
-0.0044 -1.0509 0.2598 -0.2097 3.0000
0.5825 -0.7043 0.9377 -0.1897 1.0000
0.6742 -0.8510 0.5768 -0.6605 1.0000
-0.9747 -1.4002 0.8135 0.2853 2.0000
-0.5397 -1.3269 0.3596 -0.1330 3.0000
-0.4947 -1.2122 0.8835 0.0763 3.0000
-0.6658 -1.3746 0.5142 -0.0742 2.0000
-0.0790 -1.0731 0.5792 -0.1605 3.0000
-0.3370 -1.2623 0.7531 -0.2562 3.0000
-0.7199 -1.4844 0.0735 -0.2598 3.0000
-0.6451 -1.3567 0.6068 -0.0600 2.0000
-0.4657 -1.1575 0.6008 0.1661 3.0000
0.2652 -0.9129 0.5997 -0.2506 1.0000
-0.6057 -1.1715 0.2523 0.3234 3.0000
0.0271 -1.0342 0.0815 -0.2131 3.0000
-0.1995 -1.4749 0.5911 -0.9446 1.0000
-0.6807 -1.6901 0.3628 -0.7982 1.0000
0.3485 -0.6569 0.2879 0.2403 1.0000
-0.4612 -1.1373 0.7573 0.2077 3.0000
0.2895 -0.6462 0.7148 0.3458 2.0000
-0.8216 -1.4353 0.7740 -0.0055 1.0000
-0.4007 -0.8317 0.8793 0.8464 2.0000
0.1538 -1.1306 0.1880 -0.6127 1.0000
-0.2268 -0.9499 0.9566 0.3312 3.0000
-0.3723 -1.4849 0.1684 -0.7333 1.0000
-0.2885 -1.2153 0.2721 -0.2113 3.0000
-0.0005 -0.8685 0.0678 0.2154 2.0000
-0.3963 -1.0846 0.5614 0.2437 3.0000
0.0795 -0.8492 0.4224 0.1523 3.0000
0.2116 -0.6795 0.5438 0.3731 1.0000
0.6774 -0.6861 0.3246 -0.2758 1.0000
0.0292 -0.7639 0.0812 0.4219 1.0000
-0.1893 -0.8536 0.9180 0.5073 2.0000
-0.8986 -1.2724 0.7461 0.4833 2.0000
-0.2046 -1.0626 0.1604 0.0349 3.0000
-0.1414 -1.3878 0.2075 -0.8182 1.0000
-0.2622 -0.9768 0.0746 0.3157 3.0000
-0.6784 -0.9495 0.9767 0.9461 2.0000
-0.8772 -1.5204 0.4503 -0.1310 1.0000
-0.5832 -1.3582 0.1676 -0.1478 3.0000
-0.7556 -1.3306 0.0492 0.1517 2.0000
0.6518 -0.3460 0.3900 0.5615 1.0000
-0.5246 -1.0324 0.1777 0.5412 3.0000
0.9469 -0.1433 0.5333 0.6385 2.0000
-0.4519 -1.5221 0.8901 -0.7131 1.0000
0.2120 -0.8627 0.4373 -0.0597 3.0000
-0.9552 -1.5891 0.1060 -0.1869 1.0000
0.6594 -0.5608 0.0376 0.0443 1.0000
-0.0253 -0.9213 0.2297 0.1245 1.0000
-0.1042 -0.9670 0.8296 0.1240 3.0000
0.1372 -0.8007 0.0949 0.1883 3.0000
0.8393 -0.4903 0.6961 -0.0339 1.0000
0.7104 -0.1281 0.4861 0.9959 2.0000
0.0695 -0.5710 0.6887 0.8224 2.0000
-0.6026 -1.2455 0.2663 0.1445 3.0000
-0.0299 -0.9484 0.9186 0.0670 3.0000
0.9264 -0.8095 0.7433 -0.9054 1.0000
0.0506 -0.8275 0.2179 0.2428 1.0000
-0.6329 -1.4153 0.0288 -0.2151 3.0000
-0.9261 -1.8667 0.0111 -0.8814 1.0000
0.7880 -0.4334 0.2782 0.1702 1.0000
-0.6057 -1.6093 0.6771 -0.7098 1.0000
0.8677 -0.1429 0.2871 0.7472 2.0000
-0.7119 -1.5774 0.1283 -0.4901 1.0000
-0.0929 -0.6980 0.9954 0.7433 2.0000
-0.3233 -1.3571 0.9558 -0.4986 1.0000
-0.6691 -1.2551 0.0492 0.2122 3.0000
-0.0309 -0.6260 0.1188 0.8291 2.0000
-0.9618 -1.6092 0.9976 -0.2252 2.0000
-0.0811 -1.0238 0.5623 -0.0414 3.0000
0.0159 -1.2799 0.4084 -0.7775 1.0000
-0.9913 -1.5403 0.3931 -0.0226 2.0000
0.1691 -0.9326 0.7649 -0.1663 3.0000
-0.3453 -1.4873 0.1319 -0.7758 1.0000
0.6221 -0.7379 0.2508 -0.3227 1.0000
-0.6032 -1.1721 0.4289 0.3185 2.0000
0.5907 -0.5638 0.8180 0.1307 1.0000
-0.5482 -1.4397 0.5961 -0.3876 1.0000
-0.3293 -1.3237 0.7904 -0.4115 3.0000
-0.2088 -1.0878 0.3291 -0.0188 3.0000
-0.3599 -1.1983 0.3628 -0.0742 3.0000
0.2785 -1.1705 0.3194 -0.8764 1.0000
-0.5951 -1.1092 0.3839 0.4558 2.0000
-0.1049 -0.8611 0.1916 0.3749 2.0000
-0.0399 -0.7975 0.2284 0.4367 2.0000
0.6032 -0.3805 0.2298 0.5463 2.0000
0.2375 -0.4909 0.2617 0.7829 2.0000
-0.3146 -1.0339 0.9207 0.2522 3.0000
-0.4162 -1.4598 0.3119 -0.6146 3.0000
-0.3456 -0.9129 0.5229 0.5798 3.0000
-0.6354 -1.2651 0.3687 0.1428 1.0000
-0.7292 -1.6810 0.6821 -0.7111 1.0000
-0.3979 -1.2603 0.8557 -0.1687 3.0000
-0.8718 -1.4563 0.8466 0.0131 1.0000
-0.5607 -1.4874 0.5343 -0.4832 1.0000
0.0317 -0.6149 0.3751 0.7700 2.0000
-0.7412 -1.1433 0.4283 0.5741 2.0000
0.7685 -0.7181 0.9473 -0.4751 1.0000
-0.7077 -1.3959 0.4155 -0.0675 2.0000
0.2533 -0.7751 0.9014 0.0910 1.0000
0.6220 -0.9846 0.5078 -0.9047 1.0000
-0.4750 -1.4662 0.3714 -0.5496 1.0000
-0.6433 -1.1911 0.3308 0.3281 2.0000
-0.9444 -1.8470 0.8963 -0.8099 1.0000
0.1688 -0.4895 0.6007 0.8797 2.0000
0.3820 -0.5700 0.2441 0.3999 1.0000
-0.2054 -1.3200 0.1661 -0.5711 1.0000
0.4389 -0.6188 0.7104 0.2072 1.0000
0.0084 -0.7615 0.4338 0.4559 3.0000
0.8470 -0.1242 0.0953 0.8196 2.0000
-0.1962 -1.3265 0.3234 -0.5992 1.0000
0.4298 -1.0592 0.1818 -0.8195 1.0000
-0.7914 -1.2513 0.3197 0.3874 2.0000
0.8376 -0.2075 0.8923 0.6357 1.0000
-0.2722 -0.8745 0.5838 0.5706 3.0000
0.2304 -1.0952 0.3218 -0.6333 1.0000
-0.7890 -1.4352 0.2842 -0.0498 3.0000
0.8070 -0.8161 0.1498 -0.7587 1.0000
0.4653 -0.5160 0.0654 0.4139 2.0000
0.3217 -1.1272 0.2919 -0.8328 1.0000
0.5225 -0.3632 0.4810 0.6967 2.0000
-0.5215 -1.2930 0.5502 -0.0779 3.0000
0.7114 -0.5279 0.5850 0.0512 1.0000
0.5486 -0.3639 0.3339 0.6595 2.0000
-0.2387 -1.4581 0.4568 -0.8517 1.0000
-0.2848 -1.2648 0.8574 -0.3331 1.0000
0.5528 -0.5319 0.7989 0.2575 1.0000
-0.6525 -1.2763 0.7384 0.1396 1.0000
-0.0261 -1.1598 0.0032 -0.4371 1.0000
-0.4061 -1.2850 0.6097 -0.2159 3.0000
-0.4127 -1.4304 0.3011 -0.5500 1.0000
0.8621 -0.2558 0.1598 0.4886 2.0000
0.8308 -0.4278 0.4435 0.1252 1.0000
0.7037 -0.9652 0.8274 -0.9701 1.0000
-0.3473 -0.8766 0.5814 0.6678 2.0000
-0.4991 -1.4467 0.1217 -0.4709 1.0000
0.0114 -0.8777 0.8915 0.1775 2.0000
0.0738 -1.2260 0.7909 -0.7292 1.0000
0.0577 -1.0509 0.1450 -0.2941 3.0000
0.0477 -1.1069 0.2351 -0.4125 1.0000
-0.5375 -1.0827 0.1614 0.4402 2.0000
-0.4782 -1.2559 0.1139 -0.0491 3.0000
-0.4741 -1.3243 0.9156 -0.2160 3.0000
0.6485 -0.4006 0.8872 0.4372 1.0000
0.2228 -0.5503 0.2252 0.6628 2.0000
-0.8867 -1.1783 0.9970 0.6893 2.0000
0.6235 -0.7043 0.2349 -0.2454 1.0000
-0.4150 -0.8299 0.5440 0.8700 2.0000
-0.3553 -1.4675 0.5718 -0.7153 1.0000
0.0232 -1.3323 0.1025 -0.9111 1.0000
-0.1682 -1.3540 0.5684 -0.7020 1.0000
-0.7570 -1.6221 0.9325 -0.5342 1.0000
0.9030 -0.6984 0.4882 -0.6115 1.0000
-0.7892 -1.6534 0.8386 -0.5642 1.0000
-0.8811 -1.7798 0.0996 -0.7375 1.0000
-0.3993 -1.1219 0.2692 0.1596 3.0000
0.8420 -0.2108 0.8551 0.6221 2.0000
0.1874 -0.7866 0.7258 0.1532 1.0000
-0.7161 -1.2703 0.9937 0.2402 2.0000
-0.1929 -1.0228 0.0003 0.1130 3.0000
-0.7481 -1.3702 0.0939 0.0481 2.0000
-0.3714 -1.2371 0.2313 -0.1500 3.0000
-0.1321 -0.9153 0.1296 0.2840 3.0000
-0.8983 -1.5470 0.9070 -0.1649 2.0000
-0.1740 -0.8379 0.3643 0.5235 3.0000
-0.4344 -1.1518 0.2495 0.1369 3.0000
-0.0693 -1.2774 0.8345 -0.6558 1.0000
-0.7468 -0.9664 0.4266 0.9990 2.0000
0.1695 -1.0208 0.1670 -0.3749 1.0000
-0.3289 -1.4588 0.7733 -0.7308 1.0000
-0.9167 -1.7962 0.7824 -0.7278 1.0000
0.3540 -0.8203 0.1305 -0.1526 1.0000
-0.1995 -1.1265 0.8810 -0.1227 3.0000
-0.8362 -1.1020 0.0699 0.8006 2.0000
0.6445 -0.4447 0.4441 0.3385 1.0000
-0.7303 -1.3307 0.2788 0.1170 2.0000
0.2746 -1.0419 0.5821 -0.5678 1.0000
0.6908 -0.3242 0.0903 0.5600 2.0000
-0.9251 -1.8892 0.4566 -0.9360 1.0000
-0.7412 -1.6137 0.3777 -0.5359 1.0000
-0.7278 -1.4039 0.4362 -0.0590 3.0000
0.7924 -0.6052 0.7445 -0.2410 1.0000
-0.8751 -1.1850 0.4587 0.6577 2.0000
0.0527 -0.7296 0.8539 0.4707 2.0000
0.7153 -0.9087 0.5519 -0.8525 1.0000
-0.2671 -1.1256 0.1363 -0.0286 3.0000
0.9633 -0.6314 0.3403 -0.5352 1.0000
-0.4497 -1.1799 0.4015 0.0914 3.0000
-0.1380 -1.0798 0.1962 -0.0961 3.0000
-0.0746 -1.1716 0.6685 -0.3989 1.0000
0.5955 -0.3909 0.0579 0.5323 1.0000
-0.7962 -1.7928 0.3792 -0.8837 1.0000
0.6998 -0.8570 0.0404 -0.7093 1.0000
-0.9082 -1.0888 0.8720 0.9297 2.0000
0.2837 -0.5290 0.3735 0.6302 2.0000
0.5938 -0.5972 0.2113 0.0476 1.0000
-0.4524 -1.3558 0.4528 -0.3198 1.0000
-0.1969 -1.1339 0.9082 -0.1438 3.0000
-0.0674 -1.1353 0.5473 -0.3231 3.0000
0.1408 -0.8160 0.0820 0.1473 1.0000
0.7142 -0.3483 0.1718 0.4712 1.0000
-0.9858 -1.7660 0.8313 -0.5626 1.0000
-0.5631 -1.3151 0.0829 -0.0733 3.0000
0.2471 -0.6758 0.2634 0.3337 2.0000
0.9317 -0.1906 0.0024 0.5477 2.0000
-0.0579 -1.2308 0.3331 -0.5613 1.0000
0.9498 -0.1168 0.3757 0.6972 1.0000
-0.1283 -0.7697 0.3437 0.6225 2.0000
-0.5517 -1.4722 0.9249 -0.4595 1.0000
-0.6392 -1.3622 0.4055 -0.0809 1.0000
-0.2318 -0.9930 0.3405 0.2362 3.0000
0.5942 -0.9663 0.9318 -0.8236 1.0000
0.6266 -0.9729 0.9963 -0.8834 1.0000
-0.4780 -1.4277 0.9438 -0.4549 1.0000
-0.8894 -1.2812 0.0720 0.4501 3.0000
-0.6138 -1.3834 0.8587 -0.1656 3.0000
0.6355 -0.5014 0.2186 0.2171 1.0000
0.7069 -0.3401 0.8368 0.5006 1.0000
0.1862 -1.0731 0.1377 -0.5211 1.0000
0.0217 -0.6767 0.4476 0.6379 2.0000
-0.2795 -1.1169 0.6134 0.0087 3.0000
0.3157 -0.8689 0.7492 -0.2153 1.0000
-0.7461 -1.7385 0.2523 -0.8236 1.0000
0.3407 -0.5512 0.1579 0.5003 1.0000
-0.2391 -1.1575 0.6598 -0.1419 3.0000
-0.5081 -0.9451 0.0329 0.7248 2.0000
-0.0519 -0.8601 0.8527 0.3052 3.0000
-0.3801 -1.2057 0.6765 -0.0639 3.0000
-0.9012 -1.8651 0.5400 -0.9115 1.0000
-0.3381 -1.3346 0.5296 -0.4252 3.0000
0.9862 -0.0844 0.7063 0.7241 1.0000
-0.4057 -1.2516 0.5711 -0.1375 3.0000
-0.3865 -1.1202 0.9197 0.1463 3.0000
-0.0161 -1.3222 0.5981 -0.8339 1.0000
0.3970 -0.3728 0.5618 0.8446 2.0000
0.8287 -0.6436 0.1905 -0.3812 1.0000
0.9994 -0.6697 0.4139 -0.6748 1.0000
-0.2724 -1.1021 0.8404 0.0339 3.0000
0.9992 -0.4646 0.6768 -0.1906 1.0000
-0.2197 -0.7436 0.0314 0.8081 2.0000
-0.6396 -1.2634 0.9360 0.1527 2.0000
0.0272 -0.5581 0.1849 0.9102 2.0000
0.5451 -0.3766 0.7741 0.6343 2.0000
0.2071 -1.0062 0.0270 -0.3916 1.0000
-0.4772 -1.5266 0.0650 -0.6892 1.0000
-0.0420 -0.8997 0.1761 0.1984 1.0000
-0.6652 -0.9232 0.5322 0.9900 2.0000
0.5687 -0.5301 0.1197 0.2401 1.0000
0.8104 -0.1133 0.6275 0.8950 2.0000
0.3679 -0.5825 0.4257 0.3895 2.0000
-0.0116 -0.9079 0.6090 0.1376 3.0000
-0.5914 -1.1004 0.2106 0.4717 3.0000
-0.7596 -1.2589 0.1210 0.3263 3.0000
0.4732 -0.3707 0.5739 0.7462 2.0000
-0.1868 -1.2197 0.4332 -0.3597 3.0000
-0.4089 -1.0352 0.5271 0.3772 2.0000
0.0568 -0.9359 0.5434 -0.0214 3.0000
0.5830 -0.6893 0.9175 -0.1550 1.0000
0.0276 -0.7796 0.6559 0.3872 1.0000
-0.0005 -1.3210 0.6460 -0.8522 1.0000
-0.6018 -1.3653 0.3464 -0.1391 1.0000
0.3377 -0.4204 0.6980 0.8129 2.0000
-0.6302 -0.9384 0.5875 0.9066 2.0000
-0.1232 -0.9231 0.1108 0.2536 2.0000
-0.1434 -1.1213 0.3820 -0.1867 3.0000
0.1895 -0.7657 0.4402 0.1997 3.0000
-0.1485 -1.0309 0.1834 0.0334 3.0000
-0.5149 -1.0172 0.8904 0.5639 2.0000
-0.3718 -1.1616 0.9079 0.0286 3.0000
0.8946 -0.4753 0.4908 -0.0735 1.0000
0.6408 -0.3869 0.6876 0.4799 1.0000
-0.9405 -1.8388 0.3213 -0.7958 1.0000
0.8070 -0.5914 0.6893 -0.2286 1.0000
-0.3736 -1.5312 0.1519 -0.8408 1.0000
0.0281 -0.7819 0.3143 0.3809 1.0000
0.0796 -0.7210 0.6500 0.4547 1.0000
0.8325 -0.6623 0.9034 -0.4304 1.0000
0.4437 -0.7665 0.3947 -0.1477 1.0000
0.1144 -0.6859 0.6400 0.4902 2.0000
0.8409 -0.0821 0.2777 0.9272 2.0000
0.3334 -0.5565 0.5182 0.4976 1.0000
-0.4900 -1.4224 0.7243 -0.4261 3.0000
-0.4822 -1.2719 0.7317 -0.0815 3.0000
-0.6901 -1.2638 0.7037 0.2203 2.0000
0.5827 -0.6918 0.4175 -0.1606 1.0000
0.9116 -0.0669 0.2220 0.8669 2.0000
0.4401 -0.9188 0.2637 -0.5021 1.0000
-0.3694 -1.4424 0.7800 -0.6371 1.0000
-0.9766 -1.6238 0.9872 -0.2396 2.0000
-0.6052 -1.4886 0.9652 -0.4256 1.0000
0.9042 -0.7712 0.5998 -0.7849 1.0000
-0.2182 -0.9519 0.1366 0.3147 2.0000
-0.1618 -1.2242 0.5328 -0.4045 3.0000
-0.7198 -1.3627 0.1155 0.0272 3.0000
-0.2264 -1.2331 0.5091 -0.3377 1.0000
0.3849 -0.6847 0.1681 0.1252 1.0000
0.9643 -0.6727 0.9368 -0.6343 1.0000
0.7343 -0.7838 0.3642 -0.5835 1.0000
-0.1295 -0.9874 0.7619 0.1105 3.0000
-0.5453 -1.6539 0.9075 -0.8970 1.0000
0.0051 -1.0068 0.2200 -0.1184 3.0000
-0.9185 -1.3721 0.7490 0.2752 2.0000
0.8624 -0.0706 0.4466 0.9249 2.0000
-0.1232 -0.7823 0.3406 0.5857 2.0000
-0.4970 -1.2897 0.9021 -0.1035 3.0000
-0.6871 -1.1613 0.5860 0.4579 2.0000
0.7351 -0.1562 0.4260 0.8962 2.0000
0.6799 -0.8014 0.9524 -0.5513 1.0000
0.4004 -0.4399 0.8759 0.6817 2.0000
0.5532 -0.7087 0.2632 -0.1602 1.0000
-0.1703 -1.0157 0.4463 0.0990 3.0000
0.3652 -0.3302 0.0356 0.9885 2.0000
-0.5202 -1.2200 0.7624 0.0926 3.0000
-0.7114 -1.5961 0.4215 -0.5347 1.0000
0.4381 -0.5110 0.5295 0.4628 2.0000
-0.5207 -1.6348 0.1246 -0.8853 1.0000
-0.8270 -1.5103 0.8318 -0.1752 1.0000
-0.8140 -1.6203 0.2247 -0.4525 3.0000
-0.6866 -1.4203 0.1616 -0.1538 3.0000
0.3533 -0.5452 0.8112 0.4974 1.0000
0.0699 -0.8123 0.2347 0.2524 2.0000
-0.9190 -1.5922 0.5597 -0.2434 1.0000
0.8932 -0.6936 0.0504 -0.5869 1.0000
0.8215 -0.7586 0.9473 -0.6427 1.0000
-0.1756 -1.0121 0.2860 0.1147 3.0000
0.2167 -0.8387 0.8694 -0.0096 1.0000
-0.5866 -1.5331 0.5560 -0.5559 1.0000
0.9859 -0.7427 0.0086 -0.8286 1.0000
0.2232 -1.0608 0.1704 -0.5424 1.0000
-0.5571 -1.3061 0.7513 -0.0604 3.0000
-0.3508 -1.0746 0.2198 0.2053 3.0000
0.9492 -0.4797 0.0235 -0.1583 1.0000
0.0529 -1.0182 0.6446 -0.2104 3.0000
-0.5825 -1.6628 0.3036 -0.8673 1.0000
-0.2454 -0.8940 0.5719 0.4884 3.0000
-0.2732 -0.7049 0.5006 0.9723 2.0000
-0.8548 -1.8343 0.7065 -0.9018 1.0000
-0.0451 -1.3444 0.2641 -0.8466 1.0000
0.1662 -0.4403 0.2760 0.9992 2.0000
0.1419 -0.6902 0.0154 0.4426 1.0000
-0.2759 -1.4212 0.5295 -0.7143 1.0000
0.0481 -0.9093 0.5115 0.0531 1.0000
0.8985 -0.3130 0.0185 0.3040 1.0000
-0.7314 -1.1449 0.8211 0.5570 2.0000
-0.6018 -1.3749 0.5344 -0.1618 1.0000
-0.5585 -1.1172 0.5597 0.3874 3.0000
-0.7219 -1.3195 0.3077 0.1321 3.0000
0.9065 -0.5636 0.6909 -0.2981 1.0000
-0.4159 -1.2274 0.9338 -0.0665 3.0000
0.0053 -0.6893 0.3363 0.6304 2.0000
0.5298 -0.4331 0.8342 0.5219 2.0000
-0.3719 -1.5740 0.5616 -0.9443 1.0000
-0.0027 -0.6574 0.2139 0.7167 2.0000
-0.4549 -1.2808 0.7588 -0.1396 3.0000
-0.9074 -1.3513 0.7926 0.3093 3.0000
-0.1232 -0.7449 0.6515 0.6739 2.0000
-0.8117 -1.0684 0.0437 0.8468 2.0000
-0.7098 -1.2715 0.1633 0.2290 2.0000
-0.1572 -0.6510 0.0567 0.9416 2.0000
0.3207 -0.4680 0.4742 0.7240 2.0000
-0.1440 -1.2180 0.3440 -0.4140 1.0000
-0.0796 -0.7962 0.9434 0.4936 2.0000
-0.8281 -1.4400 0.7517 -0.0079 2.0000
-0.4319 -0.8565 0.7991 0.8302 2.0000
0.2906 -0.9703 0.8982 -0.4204 1.0000
-0.1722 -1.2252 0.5861 -0.3929 3.0000
-0.0100 -1.3419 0.0893 -0.8884 1.0000
-0.5896 -1.4473 0.4480 -0.3493 3.0000
0.5034 -0.7441 0.3901 -0.1760 3.0000
-0.9038 -1.1672 0.9813 0.7387 2.0000
-0.0550 -0.9810 0.3970 0.0242 3.0000
-0.8471 -1.6737 0.1748 -0.5333 1.0000
-0.9500 -1.1131 0.0026 0.9293 2.0000
-0.8013 -1.0523 0.3159 0.8707 2.0000
-0.3550 -1.3960 0.9585 -0.5472 3.0000
0.7462 -0.3421 0.6595 0.4423 1.0000
0.3494 -0.5864 0.1133 0.4054 2.0000
0.7301 -0.3354 0.6713 0.4800 1.0000
0.6841 -0.3385 0.5082 0.5352 2.0000
-0.9027 -1.1883 0.3696 0.6875 2.0000
0.8776 -0.7883 0.3926 -0.7889 1.0000
0.6270 -0.8540 0.5717 -0.6033 1.0000
-0.1902 -0.9927 0.3121 0.1805 3.0000
-0.6401 -1.4447 0.8979 -0.2745 1.0000
0.8439 -0.7888 0.9974 -0.7443 1.0000
-0.8028 -1.2390 0.2308 0.4320 2.0000
-0.6385 -1.0973 0.3221 0.5429 2.0000
-0.0953 -0.7548 0.5416 0.6128 2.0000
-0.7371 -1.0132 0.2514 0.8756 2.0000
0.1871 -0.6554 0.1458 0.4633 2.0000
-0.1519 -0.9071 0.7529 0.3303 1.0000
0.9451 -0.7510 0.7382 -0.7928 1.0000
0.5830 -0.2805 0.6496 0.8096 2.0000
-0.2272 -1.0878 0.5384 0.0062 3.0000
-0.5137 -1.3437 0.2480 -0.2080 1.0000
0.8329 -0.6853 0.6615 -0.4852 1.0000
-0.6831 -1.0759 0.1733 0.6540 2.0000
-0.0241 -0.9291 0.6465 0.1047 1.0000
-0.7690 -1.0741 0.8224 0.7751 2.0000
0.3300 -0.5071 0.7572 0.6189 2.0000
-0.0287 -1.0170 0.4334 -0.0966 1.0000
-0.2094 -0.7722 0.6846 0.7267 2.0000
-0.6180 -1.7068 0.1534 -0.9231 1.0000
-0.7995 -1.5709 0.1510 -0.3556 3.0000
-0.1183 -0.8443 0.1047 0.4328 3.0000
-0.6380 -1.1276 0.5060 0.4709 2.0000
-0.3761 -1.0971 0.5672 0.1868 3.0000
-0.2335 -1.2687 0.8959 -0.4121 1.0000
0.0673 -0.6389 0.8068 0.6650 2.0000
-0.4561 -1.3701 0.5468 -0.3487 3.0000
0.4786 -0.3586 0.5620 0.7672 2.0000
-0.1881 -0.7453 0.0775 0.7612 2.0000
-0.4363 -1.1956 0.6713 0.0362 3.0000
-0.2930 -1.2033 0.1428 -0.1769 3.0000
0.2182 -0.6208 0.1312 0.5026 1.0000
0.0337 -1.1530 0.3395 -0.5023 1.0000
-0.3996 -0.9669 0.8880 0.5258 2.0000
0.5356 -0.3387 0.0338 0.7367 2.0000
